0,1,2,3,4,5,6,7,8,9,10,11,12,13,14,15,16,17,18,19,20,21,22,23,24,25,26,27,28,29,30,31,32,33,34,35,36,37,38,39,40,41,42,43,44,45,46,47,48,49,50,51,52,53,54,55,56,57,58,59,60,61,62,63,64,65,66,67,68,69,70,71,72,73,74,75,76,77,78,79,80,81,82,83,84,85,86,87,88,89,90,91,92,93,94,95,96,97,98,99,100,101,102,103,104,105,106,107,108,109,110,111,112,113,114,115,116,117,118,119,120,121,122,123,124,125,126,127,128,129,130,131,132,133,134,135,136,137,138,139,140,141,142,143,144,145,146,147,148,149,150,151,152,153,154,155,156,157,158,159,160
1.0000000000000002,0.04271075824679528,0.05509581228320109,0.14671288312187444,0.1890490417077938,0.06359015639520782,0.09274854239202719,0.05190641831862762,0.01890369175660346,0.11698859426164847,0.0,0.08768051312189312,0.16415779003418465,0.07322040427355249,0.17791499872137212,0.1364595300575981,0.21238705192072466,0.3162329076326042,0.0,0.12764226203811543,0.0,0.0,0.1804074252954323,0.0,0.0,0.0,0.0,0.0,0.03928775222367718,0.0,0.06302010813891956,0.08611801220969961,0.18953730787757306,0.076852055693898,0.0,0.05080805421115104,0.0,0.07764847132463423,0.0,0.09909687336783131,0.0,0.0,0.1088649635260916,0.1256258104635721,0.0,0.09070315896147492,0.1382040803317284,0.21417275412787903,0.12763242606627748,0.04673862597528533,0.04669761409073401,0.1843851112403449,0.13441625961006848,0.0,0.05073707214979425,0.04072909839902028,0.08672514890544879,0.0,0.06967939579530101,0.19053020329181639,0.26273328540474067,0.08591105233050668,0.05048694405258213,0.07779881498473205,0.09525917480348195,0.21794407540247562,0.04387241048959861,0.0,0.07133582236286085,0.13555428474009304,0.13611618275194196,0.10389750579466014,0.03328484845918491,0.0,0.0,0.09335553672713676,0.18250100210339962,0.0,0.18554081672191527,0.06953788083786121,0.10939291932377036,0.05838958392085872,0.0,0.0,0.0,0.0,0.08081147058364085,0.05386121853491775,0.0,0.025123715037027684,0.0,0.31654188923526083,0.04712101866621843,0.29066233933526947,0.0730824751955314,0.12157811350034158,0.09779092743927623,0.0,0.06107191859224476,0.11661774667826474,0.0,0.10416984572658124,0.011437964687477896,0.09926811398867189,0.12340330421691542,0.10406098864979181,0.0461961075044278,0.0,0.0334901396306619,0.0,0.0,0.050362266770518686,0.0,0.0,0.0,0.09810238160898152,0.06392309863003684,0.0,0.0,0.2912449785323729,0.12738390803024133,0.13385650673715685,0.0,0.0,0.13382299676774842,0.09873635199307895,0.0,0.0,0.16050643894940314,0.13195408796469288,0.18891882439881144,0.0,0.0,0.14869778349606194,0.13075279701936993,0.06692226131400995,0.0,0.038613728585958094,0.022524382499474502,0.04371692597042302,0.0,0.15249857033260467,0.0,0.07706711065975255,0.07244914680159026,0.1112581960954601,0.037090143392851944,0.07372743483242318,0.0,0.1278240171424085,0.14885659654019598,0.0,0.15296326816687125,0.0,0.15616566251212372,0.12870446908570438,0.0,0.25546419136967247,0.0,0.1582143561057282,0.0
0.04271075824679528,0.9999999999999996,0.07569306402830495,0.16628753504970997,0.14716500489535714,0.1220308148316785,0.0,0.08754739606225927,0.0,0.11049782265621905,0.09823570479272063,0.07887220484222592,0.1869540957739474,0.0,0.24006271845401547,0.0,0.0,0.24548061752785796,0.0,0.09118013648697439,0.1416038154936128,0.05192887271887639,0.09447643823635435,0.0,0.0,0.14697457087056653,0.10899201886267981,0.0,0.0,0.0,0.0,0.09296000569932002,0.09116456140291646,0.0,0.07060349832633504,0.1542507339298377,0.0,0.0598696913661169,0.0,0.151540868651899,0.0,0.12284811403439413,0.1035367228944948,0.0,0.0,0.12991829268263727,0.04625299461216617,0.0,0.07145886925711933,0.0,0.21378263398811628,0.0,0.1331846777059168,0.0,0.04564006989934192,0.0,0.0,0.0,0.0,0.0,0.23208862016224568,0.0901605863046229,0.16093965237680913,0.08294306788374169,0.0,0.15880017816126551,0.0,0.0,0.03368898095679996,0.18290492834591654,0.1432235212210851,0.07009503937528842,0.051327568216714275,0.09172324987759017,0.0,0.034990466874808134,0.0,0.0,0.0,0.0,0.08456542321045989,0.0,0.11249566675427934,0.11499524330739083,0.0,0.03246588313834344,0.0,0.22004541792261645,0.0,0.0762743534204284,0.04065251082527922,0.0,0.0556333076401779,0.20928355513654545,0.05752308899854775,0.0,0.282750864778054,0.0,0.0,0.0,0.0,0.10102573913331574,0.19754720022054725,0.15180273314417567,0.31198920287686904,0.14041066801458263,0.05699010736822802,0.0,0.0,0.25497589989845754,0.0,0.06795437571495043,0.0,0.0,0.11468796241905463,0.0,0.05111239075477021,0.09855208469326188,0.0,0.07641280519337687,0.16748360249675345,0.10344261936236943,0.0,0.0,0.07899888583953825,0.02797011531894012,0.08786376594047202,0.0,0.0872757478263399,0.1146515688085791,0.0,0.0,0.0,0.19046892880119184,0.09285590879003286,0.10261245852584094,0.12527800926606728,0.16162234563199032,0.0,0.15694952854534014,0.07222790194851347,0.0,0.0,0.0924333541114851,0.0,0.08655679501789805,0.10634806800323932,0.05803073560594762,0.0,0.0,0.07532020799694254,0.0,0.11751680815793596,0.0,0.06483572101848155,0.07906580570400709,0.0,0.10258950015022618,0.0,0.07783736446952372,0.0
0.05509581228320109,0.07569306402830495,1.0,0.04200132568776336,0.05919530912540087,0.2837749167179738,0.19647502757432106,0.18211113766682555,0.0,0.03174741933125437,0.09878525326879832,0.2815626777875715,0.07356519826991786,0.13625116540130375,0.0,0.18809541355590526,0.0,0.23348887562851625,0.0,0.0,0.0,0.0,0.04695225658744503,0.0,0.0,0.0,0.12525913157072457,0.0,0.20003178714659559,0.039337978998704864,0.15636011596921268,0.0,0.0834458633124128,0.0,0.0,0.0,0.08389520463819929,0.04214322934867801,0.0,0.17159726502065817,0.18772585703141625,0.0,0.10560329660887631,0.0,0.0,0.03895008576668622,0.0,0.07219934322361178,0.102039244978402,0.0,0.27090532970039405,0.05267046471659608,0.09581964932173725,0.0,0.0,0.0,0.07471355583493547,0.0,0.0,0.0,0.1055187539925901,0.0,0.0,0.15489883788904385,0.06462666268285128,0.0,0.04859485807235755,0.0,0.030113282906497882,0.0,0.21494784690174548,0.08055675866162679,0.1558974733323181,0.08433039222064027,0.0,0.0,0.06702719165672713,0.0,0.11311971207701989,0.24936187223782316,0.0,0.0,0.0,0.0,0.0,0.0,0.08911223407013014,0.06496187660429338,0.0,0.07791852300752118,0.2759395166751136,0.0,0.1735422171386081,0.0,0.07083046979438809,0.03142179616624396,0.0,0.0,0.10183228109484808,0.17787418291828408,0.0,0.0,0.21284176643787472,0.0,0.04171539423355523,0.16890754504791056,0.19648772721772878,0.0,0.17805616576035185,0.1251217202517047,0.0,0.0,0.0,0.0,0.11532954782941875,0.07313799879173906,0.11564622631058166,0.16989154809650112,0.0,0.06774489320295751,0.0,0.07548030568317868,0.050110477486834656,0.31530536901257383,0.11997185066758886,0.08459123384354775,0.3837144105202059,0.0,0.15463178186407484,0.10334382128980497,0.0,0.11029888535720336,0.0,0.27627714930738007,0.0,0.02948185467478505,0.0,0.03299409958634418,0.010915151614650178,0.0,0.0,0.0,0.06848434538105604,0.0,0.09736709790861811,0.18496214527134702,0.20438565863778035,0.04823249981014061,0.0,0.0,0.0783865064680428,0.0,0.18272316160710397,0.0,0.11293298422864016,0.3926727275849124,0.0,0.03713882563900303,0.0,0.17364722217342002,0.0
0.14671288312187444,0.16628753504970997,0.04200132568776336,0.9999999999999996,0.3772710122740683,0.1486174229568344,0.07870164788278877,0.18362928606484719,0.07461580036381238,0.06294918254397437,0.0915768202191797,0.040847705912853124,0.047359091181165144,0.1023335323013576,0.0,0.0,0.0,0.3953746628824964,0.0,0.18429678138158273,0.2268839951587529,0.0,0.19549598683659195,0.05726670980996557,0.0,0.29601343659648677,0.11994919030468978,0.08762617813785509,0.14276323250201148,0.1734736696149578,0.2768936455396199,0.2746772346046072,0.23063773817011787,0.0,0.15980418653890321,0.18751030337672675,0.25814730211950765,0.03488214884789867,0.0680367154626053,0.11937271596155957,0.0780009646437597,0.09013217642079051,0.29089606495925463,0.1996362165444928,0.43019941369639453,0.33252115636057605,0.0,0.0,0.30050787552857927,0.2603821351145684,0.07400588096882965,0.05340459897581787,0.24197675139128982,0.0,0.2268014077173275,0.23524455862296423,0.0,0.2664168124970204,0.25606928883436997,0.06419414443581939,0.10897078813165917,0.04669392876322832,0.0,0.05369499387018273,0.22763729350258996,0.08224219152254893,0.14069946302553632,0.0,0.15841162277782464,0.21313344999761635,0.0,0.21327445664115866,0.12911457055606979,0.09229198599824295,0.0,0.028994352137403843,0.14263510757088513,0.05049974396760467,0.15292853764726622,0.15549888412641993,0.18752740236964485,0.14199415628509657,0.133784995575112,0.20040976423510937,0.0,0.0,0.1405511378877831,0.2660831096879768,0.0,0.13332021371306316,0.18718168641542762,0.10904273421007352,0.07408888103381925,0.3656973208184241,0.17590908892650473,0.08495936295669465,0.0,0.0,0.2936935685270906,0.05343805578362162,0.062477093275410005,0.1501384144907623,0.07886331976369032,0.11869811692531763,0.5156185471939739,0.16310649631692384,0.13881285481510455,0.10047207186066566,0.0,0.22144893359655124,0.14080566065654213,0.05027627305006386,0.0,0.0,0.06496502235416765,0.0,0.18777845583491565,0.09569974414707604,0.0,0.1469891033036698,0.12006874011389616,0.11564891357128076,0.07258418570935353,0.0,0.05114164208214376,0.30915423756318827,0.08775850805128609,0.0,0.04017766983005858,0.2938616179013037,0.13201737146057616,0.15021956780473955,0.0,0.19010393867885497,0.0925729210888438,0.10628544078976702,0.06488114906999962,0.12555567686729432,0.04497184409858908,0.0785561025405053,0.20039270918858104,0.0,0.286205826239984,0.03590324189146251,0.27528870473527006,0.18001056944818364,0.18605972960946315,0.137926228632572,0.17761120833134697,0.10619634686907987,0.2015420368154701,0.0,0.08285366604967398,0.03189524893905221,0.29276035088987945,0.10090750066960538,0.0,0.07332054583191477,0.0,0.17843884136073046,0.0
0.1890490417077938,0.14716500489535714,0.05919530912540087,0.3772710122740683,1.0000000000000002,0.12525643027029443,0.08388873944302591,0.0,0.03989513948027688,0.21562391138376039,0.0,0.0,0.06780583661425502,0.14422556858099111,0.2860794159408606,0.0,0.0,0.2482623513110866,0.0,0.021127964960932034,0.2607014032364295,0.054147553457526844,0.2635887838246538,0.0,0.0,0.0,0.06313819117502932,0.1372194440006283,0.14249012231073926,0.0,0.3424756811705374,0.19559443847873148,0.26162421377264816,0.0,0.07634672838199365,0.0,0.06422530391866757,0.07803455823319942,0.0,0.046475149886328775,0.08083237882725747,0.22416948084408314,0.23413904931915985,0.08379289276076629,0.09703821302589397,0.22774515514163832,0.055119052926574666,0.0,0.1922408993408797,0.0,0.0,0.0,0.16314994943385944,0.0,0.0,0.16840435182089172,0.0,0.1609196714667341,0.1969477271443471,0.14839511316190324,0.19147624163547772,0.08058234126382935,0.14206633644860064,0.11891940754057098,0.0,0.0,0.0,0.0,0.06245040963073864,0.0,0.0,0.1279072838033534,0.023893106246854822,0.07378109519653862,0.0,0.07844371279939957,0.0,0.0,0.16064536524020495,0.12718822468407795,0.09619474136694249,0.0,0.0,0.1027786787965699,0.0,0.0,0.0,0.11788099755851228,0.17879963496303788,0.1723219420763758,0.04172707028566957,0.17563577213672207,0.04972308151091243,0.19072534129867477,0.15994875931946134,0.13684454467544507,0.3144869359772825,0.0,0.18478670116383555,0.0,0.0,0.07328146230923648,0.08260956193428734,0.0,0.13937954170993078,0.09851872168053583,0.05199690236354566,0.0,0.0,0.0,0.13607790253859064,0.08098028815283395,0.0,0.0,0.18311920005486462,0.0,0.07994428048877751,0.10276275980740325,0.0,0.1912261709102235,0.1917282226391134,0.12327113648114407,0.1315257457878363,0.0,0.2118192251992119,0.28090643588378833,0.0,0.0,0.033705421177953415,0.15940013396555475,0.21264115523065,0.10341101652478882,0.0,0.1465448128708598,0.0,0.0,0.06966963179819963,0.10422109093553114,0.03169093081901098,0.06919651786917692,0.19635400880999918,0.0,0.2485458663651667,0.1084304296642211,0.04586991029199624,0.13538245026182147,0.0,0.09508733260024524,0.0,0.15986082180993172,0.034905907727761525,0.0,0.1400431522960376,0.0,0.29577560134125547,0.0,0.0,0.0,0.0,0.16172920391551915,0.0
0.06359015639520782,0.1220308148316785,0.2837749167179738,0.1486174229568344,0.12525643027029443,0.9999999999999999,0.24364622698125613,0.29805657446933387,0.15506944426714872,0.12795635569552427,0.1612503162383917,0.18380952497562292,0.11201140675274235,0.2171189746427583,0.0,0.0,0.25810942731649256,0.30361431419656193,0.15195289470943918,0.0,0.16679541652493,0.17071254311796574,0.17248316949087839,0.07842829575919018,0.0,0.15554058933284956,0.08834884560457897,0.0816370083601138,0.2807439065402576,0.19521434226166307,0.05514262940853201,0.20520320542179596,0.3838768185056752,0.1891282251215991,0.06782950015488834,0.19797291425001215,0.06657039640283444,0.09706065038694348,0.06625998755482043,0.2787101321725742,0.2621237724862287,0.1549031330922797,0.14949458923950965,0.071246164306093,0.10058142061167955,0.08241782624230667,0.14282911013225966,0.1456433845985432,0.05676601369067812,0.0,0.10397522196713943,0.0,0.2984243467250021,0.0,0.035234100109393124,0.07363971097203081,0.2489961900706271,0.0,0.0068046327883682645,0.2567693812641135,0.22224249324569934,0.10440585862767711,0.0,0.24582279964823914,0.1562846822548619,0.0,0.06983600997242334,0.0,0.19072436760892403,0.11119694434995332,0.049170441073135854,0.11363796865193651,0.10995894374219048,0.0,0.0,0.10281676384033304,0.14533052235960434,0.09221433927430914,0.15480328308438904,0.0,0.07353402373418902,0.16498108989711874,0.0,0.05178614148000636,0.12365586295673157,0.08787937969149973,0.3142670283042698,0.2678257015176679,0.0,0.10819888008714014,0.21625336434091766,0.0,0.11596195502902122,0.14343974818760544,0.2098267701385881,0.03546030547456053,0.0,0.0,0.05746017470945669,0.22373654550489575,0.039114996904542045,0.1139358406403891,0.27606021770473693,0.24730873860914318,0.11302191242465778,0.3488962918608689,0.10827219526750718,0.0,0.0,0.1198031319903907,0.0,0.0314764365886267,0.0,0.0,0.09296597301524359,0.22904326501635394,0.0893370257982152,0.0,0.0,0.1433472283026502,0.14256638235621436,0.1330960423676639,0.0,0.0,0.20926192261378937,0.28072201349772746,0.24419074368346347,0.0,0.2718467230046072,0.18222837722144378,0.09298354254287876,0.1642380189869676,0.17691325514341907,0.0993067980978821,0.15524216265291463,0.15387852108356054,0.0,0.09481055410754653,0.23844185578765503,0.08111544115622663,0.0,0.3521236571081855,0.2449701142501173,0.09365800606691532,0.18753775351940724,0.1556738692082512,0.17434310171455628,0.196558617254303,0.0,0.15767191227998628,0.17027422208045417,0.0,0.10406449001547333,0.12480399796500835,0.14124367208542765,0.2609406278533612,0.0,0.31143033861548886,0.0,0.24217309899346018,0.0
0.09274854239202719,0.0,0.19647502757432106,0.07870164788278877,0.08388873944302591,0.24364622698125613,0.9999999999999999,0.16302235911670152,0.0681552295684121,0.22270501812904814,0.2729877158291753,0.10584255302962788,0.09653060541388035,0.0,0.0,0.0,0.0,0.19449533556656104,0.0,0.0,0.0,0.09867037063105738,0.09622664929756936,0.0,0.0,0.0,0.0,0.0,0.0402909210930916,0.14053113463949207,0.0,0.2073870989091567,0.2222764593226647,0.19703596773466098,0.07825658264327293,0.19539517921452548,0.2080614218625345,0.0,0.0,0.3798921573903528,0.0,0.2042464003143501,0.10328365128482642,0.0,0.0,0.0,0.05649788552805553,0.0,0.07128420455301807,0.059915055729341485,0.06841426500894184,0.0,0.10698684015324882,0.0,0.05781398512762827,0.1449131015024802,0.0,0.0,0.0,0.17954839756691887,0.12357496587564354,0.0,0.0,0.0,0.12974653861735158,0.0,0.1842890642821312,0.0,0.07315730290623923,0.0,0.0,0.049945505884562744,0.2089882033842488,0.16556971599224038,0.0,0.0,0.08311424270131315,0.0,0.19007510534887878,0.10028454321468193,0.05843028402554437,0.1976056391968052,0.06927203523161089,0.0,0.0,0.03965697279706259,0.06445825650462429,0.0767173674837852,0.0,0.0,0.10138286287584497,0.0,0.06795590800028123,0.051728256400224965,0.16655234348448106,0.0,0.0,0.0,0.0,0.08577542562093889,0.06876639317811906,0.058422495677447575,0.11730020339799592,0.0,0.12316051338236433,0.17952572483152876,0.08882938783020818,0.0,0.0,0.08682075973684986,0.0,0.30066637117205164,0.0,0.2280723243578761,0.0,0.0,0.0,0.1580001378438018,0.0,0.2592722167921022,0.12000330922196437,0.12479489374700437,0.0,0.0,0.06433125820905819,0.10139733284486357,0.27666079938919147,0.0,0.28867258225825915,0.08372280331226761,0.0,0.15602080151996287,0.18431027103363656,0.13439905611579803,0.21503147705917464,0.1150349927228962,0.09257170081668023,0.08788706046619636,0.1660277816526352,0.07005185756900616,0.09802905785250159,0.17376938998695324,0.04852635699078039,0.0,0.1795560491989647,0.16318219968662437,0.2046197523411777,0.2028080260538917,0.0,0.0,0.240912591090158,0.0,0.07599515647952047,0.0,0.1077954084513074,0.12072328714348476,0.0,0.089668232669706,0.0,0.08373707834071396,0.0914156831212885
0.05190641831862762,0.08754739606225927,0.18211113766682555,0.18362928606484719,0.0,0.29805657446933387,0.16302235911670152,0.9999999999999997,0.1984699693636817,0.1057518719568916,0.0,0.11815435792596019,0.061262124542709386,0.0,0.0,0.12182975775260801,0.0,0.30446935054821855,0.19934008063083833,0.0,0.0,0.0,0.05575362109786586,0.2070590984523222,0.0,0.0,0.0,0.03598421314044733,0.06247864019647039,0.21111406702335161,0.06329671564877459,0.10503085825060808,0.13812278080589918,0.11164891641471467,0.1566925002993571,0.16166480539160988,0.06113146938306067,0.0,0.2825012427888038,0.06398474709597443,0.22092356567501054,0.08890453423798148,0.17870562207475546,0.25609299704968713,0.15393954787901878,0.07288101821182955,0.08853279904105514,0.0,0.234842514399723,0.0,0.05360294742862916,0.0,0.26779595708855336,0.0,0.06471081527119615,0.05843980904613685,0.0,0.25527986035582784,0.03936669312019571,0.1252994792536698,0.10156781510396115,0.0,0.0,0.07717559418556164,0.22039946203882632,0.0,0.09049057372418044,0.0,0.12100708035837449,0.0,0.24489298091407477,0.0,0.16579018240884702,0.15898599612054795,0.0,0.11134628464455647,0.12863300666089114,0.12097179103701794,0.31298115486743394,0.1964337078363004,0.04864172198013088,0.15912578622595733,0.09071681086437947,0.17799200555778036,0.0,0.0,0.1379824853332207,0.24707087012778203,0.0,0.0,0.14373775507555536,0.0,0.08873970371353929,0.13108717866234998,0.0,0.0,0.06314152553791931,0.0,0.0,0.07680629812889021,0.0,0.19617575144420724,0.16466374332251507,0.11078202338354005,0.09306592779842907,0.21489627256404925,0.32330070613798517,0.0,0.0,0.21079208009681363,0.09444371898669085,0.11706424688002004,0.0,0.0,0.0,0.0,0.15932021700854726,0.26134281359719985,0.0,0.0,0.13984469712545705,0.0,0.0,0.0,0.031502430919807166,0.1957369296769889,0.2279772307317193,0.0,0.18888146618579524,0.05354879196657788,0.0,0.07937866467409668,0.0,0.1037538243451581,0.07775922817444067,0.14512544619621634,0.08392806820543851,0.1052687176064853,0.0,0.09879481813486196,0.1920157453222255,0.0,0.0,0.0,0.18494981466421812,0.08557166708189007,0.1873734146546813,0.10027744848514936,0.25527986035582784,0.206842599262168,0.19436294421683759,0.0,0.0,0.0764048505315958,0.0,0.31529116592461776,0.0,0.25429453165790367,0.0,0.26903726724965327,0.0
0.01890369175660346,0.0,0.0,0.07461580036381238,0.03989513948027688,0.15506944426714872,0.0681552295684121,0.1984699693636817,0.9999999999999999,0.11233120733096497,0.0,0.036081385151417705,0.21897761851045755,0.0,0.0,0.0,0.0,0.22140267606838984,0.0,0.15169896273220845,0.0,0.0,0.20045218260132097,0.0,0.0,0.0,0.11156986653083985,0.0,0.10778195133243058,0.0695943602340995,0.028814875900433964,0.12234685993033002,0.06561215417125611,0.0,0.0,0.0,0.0,0.0,0.0,0.0,0.16211625941364202,0.06938134182239915,0.15546982826659433,0.15827985998516247,0.08409439111342669,0.1156444195820373,0.09404085261701438,0.11495761871806813,0.05230405290296757,0.0,0.06100483501482186,0.0,0.21290690825706116,0.0,0.049711427059516713,0.06384922167475873,0.0,0.1394547711483169,0.031859722268849186,0.1099329847474292,0.020741929198456764,0.1595502640554483,0.20415177042862764,0.1686385257400455,0.0,0.0,0.051582640658645935,0.0,0.0695831364930092,0.0,0.1117693289420223,0.0,0.25344181622844225,0.2149078142671897,0.0,0.18378365614474487,0.0,0.0,0.0,0.10730818221987186,0.04272375747708368,0.12814870663302777,0.0,0.0,0.0,0.0,0.0,0.12672710092045442,0.0,0.09441200885244681,0.0,0.0,0.16993844977881714,0.031135023947844526,0.0,0.0,0.08623268382367245,0.0,0.0,0.18618814431989072,0.0,0.08930605442319893,0.06589567423366514,0.0,0.056521687967160186,0.0,0.11360826653277158,0.0,0.12250238799571476,0.0,0.10318579146295939,0.1184260760048472,0.0,0.0,0.0,0.12421564782181009,0.10392089952610926,0.15028089774700937,0.0,0.05992507268538688,0.013003341113638113,0.08012110003619703,0.0,0.0,0.11472805540851926,0.29406945521690525,0.0,0.0,0.2735651450483367,0.219852598941981,0.0,0.04553128545194712,0.0,0.0,0.11799572257919168,0.0,0.23065700302887618,0.13187557141335368,0.08533367642748864,0.0,0.1678315667108874,0.0,0.0,0.2114257777632421,0.0,0.09899206776203498,0.03270633270306724,0.0842765487037305,0.0,0.0,0.0,0.0,0.0,0.10434647028807228,0.0192241811179813,0.0,0.0,0.051102918101221036,0.0,0.13614816047265138,0.0
0.11698859426164847,0.11049782265621905,0.03174741933125437,0.06294918254397437,0.21562391138376039,0.12795635569552427,0.22270501812904814,0.1057518719568916,0.11233120733096497,1.0,0.08240464706751961,0.046313154183830384,0.05454808058031315,0.0,0.0,0.0,0.0,0.2940519998921671,0.1797120014704341,0.022662551244045606,0.0,0.08712067446438779,0.34327907441878297,0.0,0.0,0.05548007671670914,0.08126892460904549,0.08110254275436539,0.1826169695075526,0.08285772648642058,0.18545860478324705,0.1236526473270692,0.1851595151097067,0.0,0.05527711078862889,0.10351411284697004,0.055112141426307965,0.27119589874547895,0.07836451555366873,0.15382525417945767,0.0,0.11450074764652277,0.16936020255536718,0.0,0.0,0.12003755601667744,0.08424957956853478,0.0,0.19229714558666092,0.0,0.19631997767359197,0.0878732586541688,0.1961937833714748,0.0,0.09042552126581826,0.0,0.0,0.0,0.14646848338186538,0.11501568094107782,0.17543193147714523,0.15846466880876514,0.34286632340079226,0.0,0.13092488374858555,0.0,0.08938373493728838,0.0,0.157896435789567,0.0,0.04579549627090512,0.0,0.07504034427403124,0.16707340364971718,0.0,0.11153615584674721,0.08697534011611685,0.095427734815976,0.0861567554803907,0.18260132835893017,0.20120421471499655,0.06661781878545399,0.0699011569508929,0.0,0.0,0.06224887428852704,0.0,0.04267452646636788,0.23014365447458085,0.17772903071285712,0.08525300994262043,0.14129453642469003,0.3200076916550887,0.10847406698055151,0.055146313446951215,0.11008797505734391,0.0,0.0,0.0,0.060588100640732695,0.185042460551123,0.26528887331967027,0.08285585850734947,0.0,0.12063352623880262,0.07133023783077352,0.12310028173427126,0.0,0.0,0.0,0.0,0.11726386853205464,0.0,0.23014365447458085,0.08417986566319755,0.0512485928183747,0.0,0.0,0.0,0.10988329851325876,0.1040788108947791,0.0,0.0,0.0,0.1609363642871524,0.07606829927830887,0.16846671003030292,0.0,0.2169212707593811,0.07844865364781485,0.17106443116688644,0.19465032997060666,0.0,0.17869883945985726,0.1970663189371746,0.2334383025940832,0.09341242777641119,0.1498474778438306,0.18938810281897095,0.20499537851537997,0.0701090878842764,0.0,0.0,0.16282847129443787,0.0,0.06353185829756279,0.011994577757304867,0.1244788034657858,0.0,0.12860398787395813,0.2504818056060759,0.0,0.11928830186909803,0.06888162464683105,0.1570430336566717,0.0757989144915183,0.0,0.14044471674670952,0.1148946572673372,0.12060107738122157,0.09224591124353601
0.0,0.09823570479272063,0.09878525326879832,0.0915768202191797,0.0,0.1612503162383917,0.2729877158291753,0.0,0.0,0.08240464706751961,1.0,0.10293427583132687,0.09547412557588136,0.0,0.0,0.0,0.0,0.14386269641008512,0.0,0.0,0.0,0.0,0.0,0.0,0.0,0.0,0.0,0.0,0.15743192827838076,0.20676658124166428,0.0,0.0,0.0,0.27839929472268,0.17473039117588288,0.0,0.0,0.0,0.0,0.35898193491026525,0.0,0.0,0.06756168167488502,0.0,0.1535408060755664,0.0,0.0,0.0,0.059685954804856875,0.0,0.0939798675571441,0.0,0.10174607883290655,0.0,0.0,0.0,0.0,0.0,0.0,0.2588259045620859,0.0,0.0,0.0,0.10824706428481515,0.0,0.0,0.0,0.0,0.08932917571526444,0.0,0.08796126053991704,0.0,0.1358867229172941,0.0,0.0,0.0,0.0,0.0,0.0,0.0,0.0,0.10364398492159214,0.0,0.0,0.0,0.09805736700170005,0.14167287266133177,0.2740029274558897,0.0,0.0,0.0,0.0,0.0,0.0,0.23165087383029198,0.0,0.0,0.0,0.0,0.0,0.0,0.0,0.22988436907248141,0.0,0.0866222807776859,0.0,0.07437646054440593,0.0,0.0,0.0,0.0,0.0,0.0,0.0,0.14967658609000353,0.0,0.0,0.0,0.0,0.2051476882649854,0.0,0.0,0.0,0.0,0.0,0.11757855271082801,0.23589041678718434,0.0,0.2716762750139295,0.13519428334296665,0.0,0.0,0.0,0.09653458589186979,0.0,0.10713370197532227,0.0,0.12433742216790197,0.1019942170918317,0.0,0.0,0.42966892442365967,0.0,0.0,0.06123824029384149,0.31629711490325035,0.199674421799704,0.17527141074349886,0.0,0.0,0.1450451155026008,0.0,0.09279435431577585,0.0,0.0,0.0,0.0,0.08675888293837412,0.0,0.0,0.0
0.08768051312189312,0.07887220484222592,0.2815626777875715,0.040847705912853124,0.0,0.18380952497562292,0.10584255302962788,0.11815435792596019,0.036081385151417705,0.046313154183830384,0.10293427583132687,0.9999999999999998,0.16523404174297,0.0,0.0,0.0,0.0,0.21899254642243823,0.0,0.03343943496666709,0.0,0.08706017298835773,0.0,0.0,0.0,0.13689271171349188,0.10278455375290435,0.0,0.34661278500789544,0.13116861059839482,0.0,0.1252365973002418,0.05410261110278287,0.07450775746500116,0.20824121866449613,0.057467903805067035,0.06119318718715218,0.06273323266748675,0.11012357087553386,0.0,0.19958893977091244,0.18021344026470826,0.06780552457722146,0.0,0.0,0.0,0.07754440836727437,0.0,0.179704118152823,0.0,0.12072839512928862,0.12348595482401904,0.2664022529888178,0.0,0.0,0.1617074230529878,0.0,0.0,0.0,0.03142775989339603,0.13575843242786914,0.0,0.0,0.08691019874959138,0.1144797169041121,0.0,0.08994195118381963,0.0,0.04392927499643911,0.0,0.07062298350811883,0.051413358237531744,0.05378254348272377,0.0,0.0,0.0,0.03259310233814944,0.0,0.12197064148856483,0.13174345716074048,0.0,0.08453530875020292,0.061121036963262376,0.0,0.14386054063256734,0.0,0.2599939600188256,0.20476316655081647,0.0,0.0,0.0,0.0,0.1332439418292408,0.0,0.19058189128848133,0.0,0.10270856810071563,0.0,0.1411253425586069,0.1081179015536989,0.2426995681716053,0.12518830310388276,0.17939635730985568,0.11228004130808429,0.04201854321251599,0.11440112685664934,0.1686974723594612,0.0,0.0,0.18820207424627194,0.0,0.16763598187741266,0.0,0.20123585110162412,0.22832953179154214,0.1333671951173353,0.0,0.0,0.0,0.0,0.05361161481390528,0.0,0.07310119433198788,0.0,0.15136433041096256,0.09008327180061776,0.08417485865546748,0.0,0.1761261356392472,0.03165918585930893,0.0,0.07151292422021752,0.16262312563634831,0.27359758491656716,0.1362160331356227,0.13762607077388822,0.0816791123351668,0.056153780760812774,0.20472466706895134,0.0618091003318259,0.0,0.0,0.07611809808251263,0.0,0.14750222567725374,0.09069676888100418,0.281676829191135,0.04864505636244019,0.0,0.0,0.0,0.1201779952470632,0.18543071771913072,0.0,0.0,0.05680970660981405,0.0,0.22359232756091735,0.15946509441945986,0.1676783645331721,0.08065911920151651
0.16415779003418465,0.1869540957739474,0.07356519826991786,0.047359091181165144,0.06780583661425502,0.11201140675274235,0.09653060541388035,0.061262124542709386,0.21897761851045755,0.05454808058031315,0.09547412557588136,0.16523404174297,1.0000000000000002,0.09483432831029462,0.23701753022409722,0.0,0.2750815651803334,0.2600533032013508,0.0,0.0,0.0,0.0,0.0,0.12090030301360523,0.0,0.15871428446698252,0.0,0.0,0.1475667899783576,0.08554372035023677,0.0,0.06453338264620456,0.0,0.30874556678007503,0.13215455115137345,0.0,0.0,0.0,0.11349153028550917,0.17822212893209677,0.06122956186039746,0.0,0.11320438803006697,0.0,0.0,0.026025854546016535,0.13446181499968549,0.08683650427268155,0.04444802188441122,0.0,0.0699866362786927,0.050905032847454824,0.24835761449782412,0.0,0.02112240328627905,0.0,0.11232553720041735,0.1333223607510547,0.0,0.10575976951041043,0.17626506394222588,0.11127112753646753,0.10740337093142817,0.33364159345911176,0.07138340308164241,0.0,0.22100128307907285,0.0,0.2827239167553356,0.0,0.24891744424156942,0.060555150204486444,0.25338239793083117,0.0792397753547629,0.0,0.0,0.16235124160869277,0.0,0.0,0.1732620842406614,0.05313172671384315,0.0,0.0,0.0,0.0,0.0,0.23759227569862196,0.1334169685108219,0.0,0.03706507329512618,0.0,0.21047660216938305,0.11672115177849299,0.06614641452225509,0.056793410376665146,0.11022672152387418,0.19541492510375572,0.0,0.06123850244040574,0.27856130165938536,0.09379580992210837,0.03035693978649635,0.10399664134789237,0.1285710589301655,0.0,0.13603835620702234,0.17308754613896354,0.0,0.0,0.05701778760092624,0.0,0.44616430399501966,0.0,0.0,0.11146388117378447,0.07037236474469431,0.0,0.0,0.0,0.1697478999754458,0.0,0.2553261322611053,0.0,0.0,0.19499196848145128,0.13607809955209302,0.08674921676098553,0.0,0.23806086317521202,0.11186548520357323,0.0,0.12160506040340392,0.0,0.18691173896636132,0.09024556514342953,0.0,0.0962024478769508,0.28384424847941586,0.06751547358843209,0.22749798659485368,0.08913961653100332,0.197514608520081,0.08825180917913619,0.09981654358159121,0.0696727870393343,0.08412353058820815,0.24937273429346993,0.1951597908675518,0.0,0.0,0.04554842374776074,0.0,0.05460052284529955,0.0,0.0,0.0,0.0,0.07976442244315539,0.0,0.15970390601218887,0.0
0.07322040427355249,0.0,0.13625116540130375,0.1023335323013576,0.14422556858099111,0.2171189746427583,0.0,0.0,0.0,0.0,0.0,0.0,0.09483432831029462,1.0,0.0,0.0,0.29719814647842135,0.12008222276424028,0.0,0.0,0.165208877332769,0.0,0.11439615744111525,0.20641295436748835,0.0,0.0,0.0,0.0,0.0,0.0,0.14286051734232344,0.0,0.0,0.0,0.15620352911691196,0.0,0.0,0.0,0.0,0.16640227445345,0.31835853980375745,0.0,0.0676458045130544,0.05859704045354422,0.0,0.13004730155278219,0.09593470705125187,0.0,0.0,0.0,0.0,0.0,0.07276626112058374,0.0,0.0,0.0,0.12135651996989463,0.0,0.08775360071030358,0.1142628639977151,0.09521839505709485,0.2698211311907531,0.0,0.2830508020461009,0.0,0.0,0.13813129219765719,0.0,0.09982187704959329,0.0,0.0,0.08177973680596186,0.0,0.0,0.0,0.0,0.0,0.18581413024306512,0.0,0.0,0.0,0.0,0.0,0.0,0.0,0.0,0.11308137221386781,0.0,0.0,0.16018043339511842,0.09604412983401395,0.0,0.0,0.14292918378096395,0.0,0.0,0.0,0.0,0.06616208325872959,0.12038306162684949,0.0,0.05739587058453439,0.06914337241881831,0.1389081830320519,0.13659136076369907,0.09798390109782802,0.0,0.0,0.0,0.0,0.0,0.0,0.0,0.0,0.0,0.0,0.0,0.0,0.0,0.16505608104785618,0.05223176696594808,0.15325243059324564,0.0,0.0,0.0,0.12366066478890743,0.0,0.0,0.07542550641499902,0.30718451103956956,0.0,0.0,0.0,0.0,0.0,0.0,0.0,0.0,0.0,0.1376417527055076,0.0,0.21339479988815996,0.16685770878492545,0.2588203252737841,0.0,0.0,0.0,0.0,0.0,0.0,0.027339178278457762,0.0,0.0,0.0,0.1361586618110074,0.0,0.0,0.08617748880949873,0.0,0.026709615119864468,0.0
0.17791499872137212,0.24006271845401547,0.0,0.0,0.2860794159408606,0.0,0.0,0.0,0.0,0.0,0.0,0.0,0.23701753022409722,0.0,1.0,0.0,0.0,0.04439631438705602,0.0,0.0,0.0,0.0,0.0,0.0,0.0,0.0,0.0,0.0,0.0,0.0,0.0,0.0,0.0,0.0,0.0,0.0,0.0,0.0,0.0,0.0,0.0,0.0,0.0,0.0,0.0,0.0,0.0,0.0,0.0,0.0,0.0,0.0,0.0,0.0,0.0,0.0,0.0,0.0,0.0,0.0,0.14873588782700536,0.0,0.0,0.0,0.0,0.0,0.0,0.0,0.0,0.0,0.0,0.0,0.0,0.0,0.0,0.0,0.0,0.0,0.0,0.0,0.0,0.0,0.0,0.0,0.0,0.0,0.0,0.0,0.0,0.0,0.0,0.0,0.0,0.0,0.0,0.0,0.5496497099293127,0.0,0.0,0.0,0.0,0.0,0.0,0.0,0.0,0.19131968294834525,0.0,0.0,0.0,0.0,0.0,0.2830692585361489,0.0,0.0,0.0,0.0,0.0,0.0,0.0,0.0,0.0,0.0,0.0,0.0,0.32907602791589086,0.0,0.0,0.0,0.0,0.0,0.0,0.0,0.0,0.2426457833855821,0.0,0.0,0.0,0.0,0.0,0.0,0.0,0.0,0.0,0.0,0.0,0.0,0.0,0.0,0.0,0.0,0.0,0.0,0.23036491348836272,0.0,0.0,0.0,0.0,0.0,0.0,0.0,0.0
0.1364595300575981,0.0,0.18809541355590526,0.0,0.0,0.0,0.0,0.12182975775260801,0.0,0.0,0.0,0.0,0.0,0.0,0.0,1.0,0.0,0.1496381071703833,0.0,0.0,0.0,0.0,0.13324876821979104,0.0,0.0,0.0,0.0,0.0,0.0,0.0,0.1848934283275434,0.0,0.1263020132371575,0.0,0.0,0.0,0.0,0.0,0.0,0.11075745697293664,0.1348452263051132,0.0,0.0,0.0,0.0,0.13264668395564952,0.0,0.0,0.0,0.0,0.2935825525352177,0.0,0.0,0.5965499862718936,0.0,0.0,0.0,0.0,0.0,0.0,0.0,0.0,0.0,0.0,0.0,0.46038365375585766,0.0,0.0,0.18603620898846948,0.0,0.14654992004720327,0.0,0.0,0.0,0.0,0.0,0.0,0.0,0.0,0.16321263249377566,0.0,0.12334177901889351,0.36237830944889515,0.0,0.0,0.1613538517368208,0.1685981503507921,0.0,0.0,0.0,0.19888410056021122,0.0,0.0,0.0,0.0,0.0,0.0,0.0,0.0,0.0,0.0,0.15281090808573397,0.16107655032228316,0.0,0.0,0.0,0.12391664556956039,0.0,0.0,0.0,0.0,0.0,0.0,0.0,0.0,0.0,0.0,0.0,0.0,0.17089555747930021,0.0,0.0,0.0,0.0,0.0,0.0,0.19650537923098257,0.0,0.0,0.0,0.0,0.0,0.0,0.0,0.0,0.0,0.0,0.0,0.18881095140111812,0.0,0.22435571313047772,0.0,0.0,0.0,0.0,0.0,0.0,0.0,0.0,0.0,0.0,0.0,0.0,0.0,0.0,0.378217443763338,0.0,0.0,0.0,0.09955644368362307,0.0
0.21238705192072466,0.0,0.0,0.0,0.0,0.25810942731649256,0.0,0.0,0.0,0.0,0.0,0.0,0.2750815651803334,0.29719814647842135,0.0,0.0,1.0000000000000002,0.09893026336702897,0.0,0.13714249889353203,0.0,0.0,0.0,0.0,0.0,0.0,0.0,0.0,0.0,0.0,0.0,0.0,0.0,0.0,0.0,0.0,0.0,0.0,0.0,0.17238407427307958,0.0,0.0,0.0,0.0,0.0,0.0,0.27827338307736416,0.0,0.0,0.0,0.0,0.0,0.0,0.0,0.0,0.0,0.35201326410969225,0.0,0.0,0.3314370231804238,0.2761956098909982,0.3487088847426608,0.0,0.3157816982995222,0.0,0.0,0.0,0.0,0.28954871793044723,0.0,0.0,0.0,0.0,0.0,0.0,0.0,0.0,0.0,0.0,0.0,0.0,0.0,0.13536226154326822,0.0,0.0,0.0,0.32800992441841215,0.0,0.0,0.0,0.0,0.0,0.0,0.20729404786719546,0.0,0.0,0.0,0.0,0.1919133054736593,0.349189598361077,0.0,0.0,0.0,0.4029245641914365,0.0,0.28421738580015454,0.009643258710225512,0.0,0.0,0.0,0.0,0.0,0.0,0.0,0.0,0.0,0.0,0.20011120378952102,0.0,0.0,0.0,0.44453226196050494,0.0,0.0,0.0,0.0,0.0,0.0,0.2187832900684437,0.21910720153881655,0.0,0.0,0.0,0.0,0.0,0.0,0.0,0.0,0.0,0.0,0.0,0.6189844605901729,0.0,0.312811745165397,0.0,0.0,0.08226325428419436,0.0,0.0,0.0,0.0,0.0,0.0,0.15879518645095145,0.0,0.0,0.0,0.33884967244613895,0.0,0.07747534952213118,0.0
0.3162329076326042,0.24548061752785796,0.23348887562851625,0.3953746628824964,0.2482623513110866,0.30361431419656193,0.19449533556656104,0.30446935054821855,0.22140267606838984,0.2940519998921671,0.14386269641008512,0.21899254642243823,0.2600533032013508,0.12008222276424028,0.04439631438705602,0.1496381071703833,0.09893026336702897,0.9999999999999989,0.14733771292608538,0.2595393347402914,0.10257696832170604,0.19443822465869143,0.2979574348623296,0.1795287615932307,0.0,0.15723416134303442,0.16265242083879086,0.15656110302477047,0.2619231049607013,0.25222013263457205,0.2677485898640211,0.27103759332228183,0.3171588847336223,0.20256134267675685,0.17179825222859585,0.2945454219878242,0.19528027752232865,0.17091370263825564,0.21423709921990766,0.2000931827517973,0.188630099244431,0.15154203151714618,0.40641358794874666,0.2095494725642109,0.2285658210007377,0.35673567571308407,0.19745156371118408,0.21372256383652835,0.3815505408293241,0.08560966396059379,0.18577665931983606,0.11230278529490821,0.5608547210131792,0.06659447158058403,0.2212116030920038,0.22516777677933458,0.19523331538926,0.1960837218761641,0.18546734544836302,0.12037945127809688,0.2511671052235984,0.23528819450287214,0.2393947701552285,0.1704986395461109,0.24795765780272197,0.08565643240787381,0.24974611127487084,0.0,0.304362473031787,0.12702278838518805,0.27225366938349393,0.2644273572868958,0.3731672740557283,0.19436724749611406,0.0,0.2559283657914466,0.1647054967647081,0.16955704490708096,0.2199296129519756,0.21155285359908016,0.30827860056217343,0.2515472358655324,0.16394807542462678,0.17486032658229694,0.04114220194121184,0.18128066729361328,0.22555867403395036,0.32315793553926897,0.08879262877411204,0.21022522353016437,0.23661538029428475,0.03504432920475917,0.2955405771981773,0.2762061453899026,0.18882641833139907,0.07816299176390615,0.06954690077561135,0.02774769649191001,0.2996727895572398,0.1778225439467481,0.2217054998726043,0.2832690353672281,0.2892009532478679,0.15629834067612108,0.40127639909665935,0.1969237334159239,0.2739011097531177,0.0758662594933782,0.09459679595396289,0.2191162405448533,0.14508685409749061,0.11373344774729946,0.11099078596764005,0.025897850059116014,0.21463356407174294,0.2150594078846498,0.24563057848589398,0.17143698926880124,0.0,0.24588814470117862,0.3233275409789244,0.15569935991722714,0.1597626735857238,0.02774769649191001,0.2330713720506572,0.3954385413493678,0.21780699902719672,0.0,0.2730862887051137,0.2808147216845567,0.06682402921266638,0.2062398758033865,0.14126820733249737,0.35400887312164614,0.2560659676613363,0.25178220158439957,0.1443094309718894,0.28648527638141813,0.2612435537582539,0.2679517144855902,0.23452261175449443,0.10112493832607204,0.15635244698240916,0.2047307588188948,0.33243372731500054,0.2107549248234334,0.3398352590171174,0.23326428230292914,0.09989170737087605,0.1449856239102255,0.3863227466221989,0.07423770707119645,0.22556107707939166,0.12129813210533148,0.26671790748086704,0.19712470742616,0.11099078596764005,0.25576543474881364,0.052331619142125994,0.42218366406722624,0.010380346064312101
0.0,0.0,0.0,0.0,0.0,0.15195289470943918,0.0,0.19934008063083833,0.0,0.1797120014704341,0.0,0.0,0.0,0.0,0.0,0.0,0.0,0.14733771292608538,1.0,0.0,0.0,0.18392713987090623,0.0,0.0,0.0,0.0,0.0,0.0,0.16093832348819806,0.0,0.0,0.0,0.16532613356193412,0.0,0.0,0.351219512195122,0.0,0.0,0.26588786948167537,0.0,0.0,0.0,0.0,0.0,0.1255684291594696,0.08574377614546261,0.0,0.0,0.0,0.0,0.0,0.0,0.0986189876934602,0.0,0.0,0.0,0.0,0.0,0.0,0.0,0.0,0.0,0.0,0.0,0.20904622699577086,0.0,0.0,0.0,0.0,0.0,0.0,0.0,0.0,0.0,0.0,0.0,0.29510407507184216,0.0,0.1705238780162789,0.0,0.0,0.1435122328998986,0.0,0.0,0.0,0.0,0.0,0.0,0.0,0.0,0.0,0.0,0.18096235426362142,0.0,0.0,0.0,0.0,0.0,0.0,0.0,0.21974475102907187,0.0,0.0,0.0,0.0,0.0,0.0,0.0,0.0,0.0,0.0,0.0,0.0,0.0,0.0,0.0,0.0,0.0,0.0,0.0,0.0,0.0,0.0,0.0,0.0,0.0,0.28580062220806635,0.0,0.0,0.0,0.0,0.12140464839811707,0.44172610429938614,0.0,0.0,0.0,0.0,0.0,0.0,0.0,0.0,0.0,0.0,0.0,0.0,0.0,0.0813943071730704,0.0,0.0,0.4363485194933116,0.13338851496311813,0.0,0.14390782058648358,0.0,0.0,0.0,0.0,0.14015402046187883,0.0,0.0,0.0
0.12764226203811543,0.09118013648697439,0.0,0.18429678138158273,0.021127964960932034,0.0,0.0,0.0,0.15169896273220845,0.022662551244045606,0.0,0.03343943496666709,0.0,0.0,0.0,0.0,0.13714249889353203,0.2595393347402914,0.0,1.0,0.0,0.0,0.14510663474945332,0.0,0.0,0.13847285165530906,0.045638841755454095,0.0,0.0,0.0,0.0,0.15550406611107098,0.17113081226367102,0.0,0.029564200398534086,0.08304464359542378,0.0687772605569698,0.0,0.0,0.0,0.0,0.06430110313209682,0.08128971554582817,0.07571112075294917,0.0,0.14191674318478387,0.038735553737748625,0.0,0.0,0.0,0.0,0.0,0.09327247946515008,0.0,0.10530619045366561,0.0,0.0,0.0,0.1012350533719603,0.05272675783836431,0.06590799165554183,0.11248987133027616,0.11766711669834919,0.0,0.0691995641992186,0.0,0.0,0.0,0.0,0.0,0.0,0.14151515071661905,0.13421960375791478,0.08465391084581093,0.0,0.11208592738662071,0.09768687855245577,0.0,0.040319783447863015,0.15280704409012402,0.1804558714781502,0.0,0.1345884113284465,0.0,0.0,0.0,0.09392680225454174,0.0,0.0,0.0973372631855088,0.043088594857116025,0.0,0.14519369282046338,0.11725310409637207,0.0,0.0,0.0,0.0,0.0,0.0,0.0,0.0,0.04431431328729591,0.0,0.2003816775015258,0.06358332335686805,0.009588129328229306,0.0,0.0,0.16035370817416483,0.0,0.0,0.0,0.0,0.0,0.11100889262784655,0.09631160629775144,0.19896719144608618,0.0,0.09403130695799534,0.24590208766195795,0.0,0.0,0.0,0.0,0.09589819054773469,0.0,0.0,0.0,0.10553844645120786,0.0,0.09568570278681113,0.0,0.07168095743523574,0.19121650269908252,0.0,0.12140364753297393,0.055528243800793055,0.0,0.020415528840670168,0.08749271721324581,0.0,0.07485792442542478,0.11694481231591501,0.0,0.0,0.08179296488245141,0.054673957511245166,0.0,0.0,0.06488075272546212,0.0,0.08612959931000638,0.1578873729455717,0.08144707959005763,0.0,0.0,0.10770153960461926,0.0,0.1877023593354995,0.0
